1 0.3578125 0.5796875 0.1140625 0.4109375
1 0.70625 0.5390625 0.0828125 0.4609375
1 0.79375 0.49375 0.121875 0.340625
3 0.9484375 0.45 0.103125 0.2125
2 0.63046875 0.33046875 0.075 0.1546875
3 0.41171875 0.41875 0.221875 0.2390625
1 0.05703125 0.58671875 0.078125 0.265625
2 0.746875 0.265625 0.0640625 0.0796875
2 0.81796875 0.271875 0.0546875 0.0703125
2 0.21796875 0.38359375 0.0671875 0.1375
3 0.9328125 0.2484375 0.0515625 0.06875
2 0.2640625 0.39453125 0.0609375 0.1203125
3 0.98203125 0.2546875 0.0359375 0.0953125
3 0.13203125 0.37265625 0.0515625 0.1109375
3 0.16171875 0.3328125 0.0609375 0.0734375
3 0.096875 0.4609375 0.1109375 0.1453125