0 0.16484375 0.31875 0.090625 0.09375
3 0.13125 0.3828125 0.059375 0.1453125
1 0.06484375 0.58828125 0.0890625 0.2921875
3 0.0640625 0.45234375 0.128125 0.1140625
3 0.4359375 0.38671875 0.18125 0.1796875
1 0.346875 0.5453125 0.10625 0.375
1 0.7625 0.5078125 0.209375 0.4234375
3 0.94921875 0.4390625 0.1015625 0.209375
3 0.94921875 0.27265625 0.1015625 0.146875
3 0.06640625 0.34140625 0.0671875 0.0984375
2 0.63671875 0.32734375 0.0703125 0.15
2 0.2671875 0.396875 0.040625 0.1375
2 0.2203125 0.3859375 0.04375 0.15