3 0.2875 0.33671875 0.2015625 0.134375
2 0.5 0.28984375 0.0640625 0.1015625
2 0.86015625 0.25859375 0.0578125 0.0671875
1 0.19609375 0.5703125 0.0765625 0.371875
3 0.8890625 0.31640625 0.146875 0.090625
1 0.2828125 0.58671875 0.06875 0.4171875
1 0.36953125 0.5890625 0.090625 0.41875
1 0.4453125 0.55703125 0.071875 0.41875
1 0.62578125 0.53046875 0.09375 0.4015625
1 0.7203125 0.534375 0.0859375 0.4046875
1 0.80390625 0.528125 0.075 0.390625
1 0.884375 0.53828125 0.0796875 0.3390625
1 0.09921875 0.60625 0.05625 0.3109375
1 0.04140625 0.61640625 0.0421875 0.25