0 0.2640625 0.29453125 0.0796875 0.0796875
0 0.140625 0.3515625 0.1140625 0.1453125
3 0.184375 0.37265625 0.0671875 0.115625
2 0.3203125 0.321875 0.05 0.115625
2 0.44140625 0.2984375 0.0625 0.1015625
3 0.5015625 0.1875 0.1015625 0.1078125
1 0.4515625 0.57890625 0.13125 0.4703125
1 0.32890625 0.5375 0.0875 0.3765625
1 0.28046875 0.6125 0.1375 0.421875
1 0.16015625 0.6 0.0734375 0.384375
1 0.09609375 0.59453125 0.078125 0.359375
1 0.84609375 0.5375 0.125 0.4703125
1 0.95390625 0.55703125 0.084375 0.4578125
2 0.63125 0.315625 0.0875 0.2
2 0.734375 0.32578125 0.0671875 0.1453125
3 0.74375 0.21484375 0.065625 0.1140625