3 0.2125 0.28046875 0.04375 0.0625
0 0.26328125 0.290625 0.103125 0.078125
0 0.15859375 0.36015625 0.140625 0.1234375
3 0.03359375 0.5015625 0.0671875 0.240625
2 0.4296875 0.3109375 0.0625 0.1171875
2 0.31796875 0.33515625 0.04375 0.15
3 0.72890625 0.21328125 0.0796875 0.096875
3 0.509375 0.18203125 0.09375 0.090625
1 0.1609375 0.61640625 0.0796875 0.4375
1 0.2578125 0.61328125 0.0890625 0.415625
1 0.34453125 0.59609375 0.09375 0.4625
1 0.45078125 0.55546875 0.1171875 0.421875
1 0.85390625 0.509375 0.1296875 0.4171875
1 0.9515625 0.48125 0.096875 0.3171875
2 0.62734375 0.32578125 0.1015625 0.2328125
2 0.7390625 0.32265625 0.0828125 0.1734375