1 0.34375 0.54921875 0.0921875 0.465625
3 0.29140625 0.2796875 0.14375 0.0921875
3 0.2015625 0.28203125 0.071875 0.09375
3 0.19453125 0.3859375 0.04375 0.196875
2 0.46015625 0.28984375 0.0859375 0.109375
2 0.9625 0.32265625 0.075 0.125
1 0.48046875 0.596875 0.1640625 0.19375
1 0.84609375 0.5375 0.1046875 0.4453125
1 0.95625 0.553125 0.0875 0.446875
2 0.6078125 0.2734375 0.0984375 0.1109375
2 0.74609375 0.2671875 0.0890625 0.109375
1 0.5609375 0.53046875 0.1375 0.3921875
1 0.6453125 0.52109375 0.128125 0.3953125
3 0.14375 0.5375 0.125 0.1984375
3 0.26484375 0.49140625 0.065625 0.278125