0 0.171875 0.3171875 0.140625 0.0625
3 0.18125 0.38671875 0.10625 0.103125
3 0.13046875 0.44453125 0.078125 0.1921875
2 0.925 0.25859375 0.0984375 0.14375
2 0.46484375 0.29140625 0.009375 0.0046875
1 0.5296875 0.5671875 0.1421875 0.5578125
1 0.5984375 0.5828125 0.109375 0.615625
1 0.671875 0.55234375 0.09375 0.596875
1 0.76328125 0.5828125 0.075 0.5734375
1 0.8359375 0.57265625 0.0953125 0.553125
1 0.92421875 0.525 0.0921875 0.3875
1 0.28046875 0.584375 0.053125 0.5578125
1 0.0546875 0.60234375 0.0796875 0.3828125
2 0.40234375 0.29609375 0.0796875 0.121875