0 0.19453125 0.41015625 0.1296875 0.1984375
3 0.30234375 0.37578125 0.0671875 0.2390625
1 0.1140625 0.6296875 0.0890625 0.4046875
1 0.421875 0.61015625 0.1390625 0.4734375
1 0.66328125 0.6109375 0.0953125 0.484375
1 0.790625 0.58984375 0.0984375 0.528125
1 0.89296875 0.53203125 0.1 0.3984375
1 0.965625 0.53671875 0.06875 0.4390625
2 0.4359375 0.34765625 0.078125 0.1515625
1 0.0265625 0.57578125 0.053125 0.4734375
2 0.5 0.2890625 0.059375 0.1375
2 0.61328125 0.31015625 0.059375 0.1765625
2 0.66328125 0.275 0.0703125 0.109375
3 0.84375 0.23515625 0.084375 0.1265625
2 0.5609375 0.34921875 0.0625 0.1359375