2 0.3703125 0.121875 0.2578125 0.1984375
1 0.07421875 0.4296875 0.071875 0.25625
1 0.89375 0.425 0.1984375 0.4171875
2 0.646875 0.15078125 0.0890625 0.26875
2 0.753125 0.17734375 0.096875 0.228125
2 0.8484375 0.1796875 0.0796875 0.1703125
2 0.4515625 0.4484375 0.1375 0.55
2 0.3375 0.4328125 0.0796875 0.525
2 0.27734375 0.45703125 0.078125 0.5375
3 0.1671875 0.2578125 0.1390625 0.175
2 0.528125 0.16640625 0.0765625 0.196875
3 0.18359375 0.12421875 0.10625 0.08125
3 0.05703125 0.2515625 0.0953125 0.1359375