0 0.1203125 0.22734375 0.0765625 0.1171875
3 0.0375 0.21796875 0.075 0.1640625
1 0.75546875 0.34375 0.28125 0.43125
1 0.40546875 0.38515625 0.065625 0.44375
1 0.46796875 0.36875 0.053125 0.459375
1 0.1203125 0.40546875 0.0703125 0.359375
1 0.18984375 0.4046875 0.0640625 0.4046875
1 0.2734375 0.41484375 0.0796875 0.428125
1 0.34296875 0.409375 0.05625 0.453125
1 0.0546875 0.43125 0.0609375 0.3515625
2 0.525 0.1359375 0.0515625 0.134375
2 0.4625 0.1 0.0640625 0.1078125
1 0.14921875 0.14765625 0.1171875 0.078125
3 0.66875 0.06484375 0.0921875 0.10625
1 0.53984375 0.4015625 0.0921875 0.36875