3 0.134375 0.14453125 0.1390625 0.1171875
0 0.121875 0.22890625 0.0828125 0.1328125
3 0.03984375 0.22265625 0.0796875 0.1609375
3 0.56328125 0.34140625 0.1046875 0.4078125
1 0.66875 0.36796875 0.0875 0.4328125
3 0.928125 0.3140625 0.14375 0.3234375
2 0.49375 0.12734375 0.1375 0.15
3 0.69296875 0.10546875 0.1765625 0.2109375
1 0.2765625 0.38203125 0.08125 0.3703125
1 0.34609375 0.37265625 0.0578125 0.4015625
1 0.4125 0.36875 0.071875 0.496875
1 0.48125 0.33828125 0.071875 0.4625
1 0.7484375 0.3390625 0.0953125 0.3953125
1 0.0515625 0.44296875 0.0703125 0.3515625
1 0.12578125 0.428125 0.0609375 0.3484375
1 0.18828125 0.39765625 0.0609375 0.4015625
1 0.82265625 0.39609375 0.0484375 0.35625
1 0.8734375 0.38984375 0.0453125 0.30625