0 0.11328125 0.22265625 0.078125 0.115625
3 0.040625 0.21796875 0.078125 0.1234375
2 0.48671875 0.115625 0.1328125 0.1234375
3 0.93046875 0.26796875 0.1390625 0.36875
1 0.27109375 0.40078125 0.09375 0.396875
1 0.346875 0.38828125 0.05625 0.409375
1 0.41015625 0.35390625 0.075 0.56875
1 0.48046875 0.3953125 0.0546875 0.4859375
1 0.5515625 0.3265625 0.0671875 0.4578125
1 0.66796875 0.37265625 0.0921875 0.428125
1 0.753125 0.36171875 0.0703125 0.4046875
1 0.8203125 0.41875 0.0515625 0.428125
1 0.8703125 0.428125 0.0453125 0.390625
1 0.0578125 0.4828125 0.0578125 0.3890625
1 0.128125 0.46875 0.0515625 0.403125
1 0.1828125 0.47109375 0.0421875 0.4546875