3 0.95703125 0.23671875 0.0859375 0.3828125
3 0.0296875 0.225 0.046875 0.23125
1 0.57421875 0.36640625 0.1203125 0.4296875
1 0.0328125 0.46328125 0.059375 0.309375
0 0.109375 0.246875 0.109375 0.1921875
3 0.21796875 0.153125 0.084375 0.1671875
2 0.3890625 0.1984375 0.0890625 0.15
2 0.26640625 0.21328125 0.078125 0.1515625
2 0.36171875 0.1171875 0.05625 0.1078125
2 0.45703125 0.11328125 0.05625 0.11875
2 0.52265625 0.15546875 0.05 0.1515625
2 0.565625 0.10546875 0.0390625 0.0921875
2 0.66875 0.109375 0.065625 0.1078125
2 0.75 0.11796875 0.05625 0.1125
2 0.8359375 0.203125 0.075 0.15625