3 0.89140625 0.203125 0.04375 0.096875
3 0.9296875 0.21171875 0.0375 0.103125
3 0.82578125 0.27890625 0.0953125 0.2171875
3 0.63828125 0.1296875 0.11875 0.115625
3 0.734375 0.165625 0.0390625 0.121875
3 0.36640625 0.153125 0.153125 0.0828125
2 0.96796875 0.30390625 0.0640625 0.1265625
2 0.8875 0.27421875 0.0703125 0.146875
2 0.2671875 0.2734375 0.053125 0.128125
2 0.18984375 0.26796875 0.096875 0.1125
3 0.1921875 0.42890625 0.1078125 0.3453125
3 0.15234375 0.34296875 0.1546875 0.10625
3 0.34765625 0.28203125 0.125 0.128125
1 0.06171875 0.49453125 0.1203125 0.34375
1 0.73125 0.47421875 0.0984375 0.421875
1 0.35390625 0.49453125 0.1234375 0.3609375
1 0.2625 0.51953125 0.065625 0.365625
1 0.92421875 0.4625 0.11875 0.3796875
3 0.1953125 0.40859375 0.103125 0.309375
3 0.7328125 0.16171875 0.05625 0.1921875
3 0.81796875 0.24765625 0.0890625 0.20625
3 0.34453125 0.278125 0.1296875 0.1515625