1 0.92421875 0.484375 0.125 0.36875
1 0.73359375 0.47578125 0.109375 0.4625
1 0.353125 0.49375 0.1140625 0.3796875
1 0.26640625 0.49765625 0.078125 0.4328125
1 0.1078125 0.528125 0.1171875 0.340625
1 0.05390625 0.525 0.0671875 0.278125
1 0.03984375 0.5171875 0.0765625 0.365625
3 0.19375 0.4234375 0.0921875 0.29375
3 0.4296875 0.30859375 0.1328125 0.2046875
3 0.14921875 0.33125 0.1484375 0.1390625
3 0.9109375 0.1984375 0.0859375 0.1484375
3 0.73359375 0.153125 0.078125 0.196875
3 0.821875 0.26328125 0.1015625 0.2046875
2 0.26328125 0.26953125 0.05625 0.1609375
2 0.1625 0.275 0.128125 0.1171875
2 0.971875 0.29765625 0.05625 0.1296875
2 0.88984375 0.290625 0.059375 0.1296875