0 0.71015625 0.21328125 0.0734375 0.221875
3 0.61484375 0.18046875 0.0859375 0.178125
3 0.85390625 0.44609375 0.16875 0.3359375
3 0.67734375 0.46484375 0.1359375 0.4171875
3 0.290625 0.15234375 0.0984375 0.09375
3 0.43203125 0.1203125 0.1015625 0.1109375
3 0.184375 0.17265625 0.103125 0.0671875
3 0.16484375 0.29765625 0.1125 0.1875
2 0.02109375 0.3640625 0.0359375 0.1921875
2 0.05625 0.35546875 0.053125 0.2
2 0.09140625 0.34609375 0.05625 0.165625
2 0.26171875 0.2390625 0.0578125 0.1046875
2 0.2578125 0.31484375 0.0609375 0.1484375
2 0.3328125 0.23125 0.0546875 0.0984375
2 0.359375 0.30234375 0.0828125 0.1625
2 0.4328125 0.2203125 0.0796875 0.128125
2 0.53671875 0.25703125 0.084375 0.215625
2 0.97734375 0.3125 0.0453125 0.1046875
1 0.53828125 0.471875 0.1765625 0.4375
1 0.10625 0.50703125 0.1078125 0.303125