3 0.7265625 0.40703125 0.16875 0.2640625
3 0.57734375 0.27734375 0.15625 0.18125
3 0.23984375 0.30859375 0.0484375 0.203125
3 0.1265625 0.23203125 0.08125 0.09375
3 0.31953125 0.4390625 0.1625 0.334375
1 0.9203125 0.46171875 0.159375 0.3640625
1 0.546875 0.4875 0.165625 0.390625
2 0.0328125 0.3375 0.065625 0.0875
2 0.1015625 0.35390625 0.0546875 0.13125
2 0.16953125 0.31875 0.090625 0.1453125
2 0.35 0.23828125 0.065625 0.0984375
2 0.3671875 0.26484375 0.0875 0.0984375
2 0.4265625 0.2171875 0.1015625 0.1484375
2 0.85 0.23515625 0.0953125 0.103125
2 0.94375 0.28671875 0.0734375 0.1140625