2 0.03125 0.33203125 0.0625 0.1515625
2 0.10390625 0.30859375 0.0734375 0.1796875
2 0.19609375 0.28671875 0.0640625 0.1625
2 0.26640625 0.321875 0.06875 0.209375
2 0.3703125 0.28515625 0.1140625 0.1796875
2 0.875 0.2609375 0.0734375 0.0859375
2 0.9609375 0.33671875 0.0734375 0.1125
3 0.2796875 0.1875 0.103125 0.1125
3 0.45 0.17578125 0.1015625 0.171875
3 0.9140625 0.21328125 0.05625 0.09375
3 0.66640625 0.30625 0.1296875 0.13125
1 0.10859375 0.53203125 0.159375 0.3640625
1 0.6609375 0.49765625 0.2015625 0.365625
1 0.884375 0.46875 0.2140625 0.3296875