3 0.890625 0.45234375 0.0859375 0.278125
3 0.925 0.3796875 0.15 0.2015625
3 0.72890625 0.19140625 0.0515625 0.121875
3 0.43671875 0.20625 0.0984375 0.1671875
3 0.33203125 0.2203125 0.1234375 0.1203125
3 0.23125 0.1921875 0.1609375 0.1
3 0.03671875 0.26875 0.0703125 0.0625
2 0.540625 0.26171875 0.0578125 0.225
2 0.25546875 0.296875 0.0484375 0.1609375
2 0.16171875 0.3125 0.08125 0.1640625
2 0.07265625 0.34140625 0.1453125 0.1328125
0 0.7859375 0.25625 0.1078125 0.1734375
1 0.68203125 0.48671875 0.0859375 0.4328125
1 0.4171875 0.475 0.14375 0.3703125
1 0.28203125 0.49296875 0.096875 0.3484375
1 0.18359375 0.48515625 0.0890625 0.328125