0 0.71328125 0.228125 0.040625 0.221875
2 0.9515625 0.2703125 0.0953125 0.1125
2 0.875 0.26953125 0.0390625 0.1
2 0.3375 0.2328125 0.0796875 0.1140625
2 0.36640625 0.26640625 0.1046875 0.11875
2 0.1875 0.265625 0.0546875 0.071875
2 0.09296875 0.32265625 0.0796875 0.06875
2 0.0453125 0.33359375 0.0640625 0.0609375
1 0.1421875 0.521875 0.1875 0.3296875
1 0.36015625 0.509375 0.1625 0.375
3 0.25078125 0.25859375 0.06875 0.165625
1 0.5859375 0.4765625 0.1484375 0.4984375
1 0.85625 0.41015625 0.1609375 0.265625