2 0.37265625 0.3140625 0.0703125 0.1859375
3 0.1546875 0.3125 0.1046875 0.171875
1 0.909375 0.4875 0.109375 0.315625
3 0.9015625 0.29140625 0.109375 0.1859375
3 0.55234375 0.13671875 0.0859375 0.115625
3 0.62109375 0.13203125 0.05625 0.1078125
3 0.68984375 0.14765625 0.05625 0.1109375
3 0.73671875 0.14140625 0.0359375 0.1
3 0.77109375 0.1421875 0.034375 0.0890625
3 0.80625 0.16484375 0.021875 0.08125
3 0.8390625 0.1640625 0.0234375 0.08125
3 0.26328125 0.17109375 0.0578125 0.0703125
3 0.19765625 0.18125 0.028125 0.05625
3 0.35703125 0.14296875 0.04375 0.0796875
3 0.3953125 0.1359375 0.0296875 0.0953125
3 0.45703125 0.1359375 0.075 0.090625
2 0.07109375 0.36015625 0.0390625 0.125