1 0.59765625 0.47265625 0.159375 0.525
1 0.2234375 0.3953125 0.20625 0.4234375
2 0.421875 0.21953125 0.103125 0.2328125
2 0.2953125 0.2015625 0.0859375 0.203125
2 0.16796875 0.20546875 0.096875 0.1859375
2 0.8109375 0.24140625 0.06875 0.184375
2 0.91484375 0.29375 0.0921875 0.1890625
2 0.978125 0.3140625 0.04375 0.14375
3 0.36328125 0.06953125 0.153125 0.121875
3 0.23671875 0.08203125 0.0671875 0.1171875
3 0.07421875 0.2015625 0.05 0.21875
3 0.678125 0.1890625 0.1046875 0.25625
3 0.58515625 0.15078125 0.078125 0.15625
3 0.15625 0.07421875 0.096875 0.071875