3 0.53671875 0.33515625 0.0828125 0.265625
3 0.6984375 0.334375 0.1609375 0.2015625
3 0.6296875 0.2015625 0.1359375 0.1046875
3 0.29140625 0.159375 0.0546875 0.0515625
3 0.30234375 0.17109375 0.0828125 0.1109375
2 0.36015625 0.23515625 0.0625 0.1140625
2 0.8125 0.26328125 0.0828125 0.1296875
2 0.88125 0.28828125 0.059375 0.1140625
2 0.978125 0.31796875 0.04375 0.125
2 0.19765625 0.2625 0.0671875 0.1078125
3 0.50078125 0.1515625 0.053125 0.1015625
3 0.81015625 0.16484375 0.0953125 0.0890625
3 0.446875 0.18203125 0.0546875 0.15