1 0.72890625 0.4515625 0.1609375 0.403125
1 0.77578125 0.41171875 0.140625 0.35625
3 0.8484375 0.375 0.15625 0.2640625
1 0.11796875 0.51875 0.1375 0.4171875
1 0.20078125 0.53125 0.1234375 0.475
1 0.284375 0.48125 0.0828125 0.4234375
1 0.36171875 0.46171875 0.14375 0.4609375
1 0.48359375 0.465625 0.128125 0.4671875
3 0.73671875 0.20625 0.0890625 0.1671875
2 0.8609375 0.24453125 0.1 0.1390625
3 0.121875 0.3078125 0.0921875 0.18125
3 0.3046875 0.18671875 0.059375 0.1109375
3 0.1875 0.21796875 0.0765625 0.14375
2 0.03515625 0.33828125 0.06875 0.1140625
1 0.946875 0.42421875 0.0921875 0.325