1 0.56875 0.45 0.16875 0.4265625
3 0.22890625 0.45625 0.1046875 0.3640625
1 0.1375 0.534375 0.10625 0.4171875
1 0.04765625 0.528125 0.0953125 0.35625
1 0.33515625 0.49921875 0.1015625 0.4171875
1 0.40703125 0.46796875 0.1140625 0.4296875
1 0.68125 0.4265625 0.15625 0.3625
1 0.74765625 0.4359375 0.153125 0.3890625
1 0.8015625 0.4109375 0.1734375 0.359375
3 0.16328125 0.2828125 0.090625 0.1671875
2 0.07890625 0.315625 0.0765625 0.171875
3 0.72421875 0.16953125 0.1171875 0.1421875
1 0.834375 0.39765625 0.1109375 0.3140625
1 0.903125 0.39375 0.075 0.2828125
1 0.94765625 0.39375 0.065625 0.2484375
1 0.97890625 0.41328125 0.040625 0.2140625