1 0.140625 0.56328125 0.078125 0.4671875
3 0.23046875 0.48828125 0.0828125 0.38125
1 0.40234375 0.4625 0.1109375 0.4171875
1 0.33671875 0.50546875 0.1078125 0.4203125
1 0.5671875 0.453125 0.1703125 0.4359375
1 0.66484375 0.434375 0.1625 0.390625
1 0.73984375 0.428125 0.1609375 0.3859375
1 0.81953125 0.41015625 0.1921875 0.3390625
1 0.87421875 0.37421875 0.1078125 0.2515625
1 0.94921875 0.4203125 0.06875 0.259375
3 0.1609375 0.284375 0.103125 0.1828125
2 0.08359375 0.346875 0.059375 0.14375
1 0.05 0.54765625 0.1 0.35625
3 0.72890625 0.15546875 0.08125 0.10625
2 0.7890625 0.21171875 0.0640625 0.0796875