1 0.32578125 0.48828125 0.14375 0.4671875
3 0.1734375 0.46015625 0.1328125 0.3703125
1 0.084375 0.52109375 0.1140625 0.3796875
1 0.04453125 0.5265625 0.0890625 0.325
2 0.03125 0.3734375 0.0625 0.1671875
3 0.10390625 0.290625 0.0765625 0.1703125
3 0.56484375 0.1390625 0.109375 0.13125
1 0.68671875 0.425 0.1125 0.4015625
1 0.79140625 0.41640625 0.10625 0.3546875
1 0.5109375 0.46484375 0.109375 0.496875
2 0.7234375 0.19921875 0.0828125 0.103125
2 0.80546875 0.2578125 0.0921875 0.11875
2 0.8671875 0.253125 0.075 0.128125
3 0.9046875 0.36796875 0.0734375 0.228125