3 0.5671875 0.13359375 0.1203125 0.1390625
1 0.68359375 0.4546875 0.128125 0.446875
1 0.50625 0.4515625 0.134375 0.4375
3 0.79453125 0.3765625 0.0875 0.259375
3 0.1796875 0.47109375 0.1234375 0.3515625
1 0.0859375 0.5265625 0.115625 0.39375
1 0.04453125 0.5234375 0.0890625 0.3265625
1 0.24921875 0.49609375 0.103125 0.425
1 0.32734375 0.49296875 0.14375 0.48125
3 0.9078125 0.371875 0.090625 0.25625
2 0.71796875 0.20703125 0.0765625 0.125
2 0.0328125 0.37421875 0.065625 0.1625
2 0.86328125 0.2671875 0.06875 0.11875