3 0.9453125 0.36171875 0.109375 0.15625
3 0.80546875 0.38125 0.1265625 0.2328125
3 0.30703125 0.33046875 0.19375 0.2234375
3 0.2109375 0.47578125 0.19375 0.2859375
3 0.56484375 0.14140625 0.1046875 0.109375
3 0.559375 0.2734375 0.1671875 0.1796875
3 0.353125 0.18046875 0.046875 0.115625
3 0.19765625 0.19296875 0.0765625 0.103125
3 0.13359375 0.2390625 0.0671875 0.125
3 0.059375 0.38828125 0.109375 0.15625
3 0.778125 0.2890625 0.1265625 0.13125
3 0.7140625 0.19765625 0.121875 0.1703125
3 0.84453125 0.23359375 0.0796875 0.1609375