3 0.5609375 0.14453125 0.09375 0.096875
3 0.590625 0.334375 0.10625 0.25
3 0.71640625 0.2015625 0.1171875 0.2046875
3 0.78125 0.28671875 0.146875 0.1421875
3 0.809375 0.38359375 0.140625 0.2359375
3 0.28515625 0.328125 0.1609375 0.2234375
3 0.3546875 0.17734375 0.059375 0.121875
3 0.13515625 0.21953125 0.0609375 0.1
3 0.196875 0.20234375 0.071875 0.128125
3 0.56328125 0.27734375 0.1703125 0.1890625
3 0.20234375 0.45625 0.1328125 0.296875
3 0.1359375 0.38515625 0.0734375 0.2328125
3 0.95390625 0.38359375 0.0921875 0.2125