1 0.53828125 0.44140625 0.10625 0.409375
3 0.603125 0.2015625 0.06875 0.2109375
3 0.39140625 0.3859375 0.190625 0.3140625
3 0.3 0.2078125 0.05 0.15625
3 0.4578125 0.11328125 0.053125 0.09375
3 0.52265625 0.10703125 0.04375 0.0890625
1 0.86171875 0.4109375 0.1296875 0.3203125
1 0.05859375 0.55703125 0.0890625 0.3859375
3 0.1921875 0.45390625 0.203125 0.3265625
3 0.1203125 0.46640625 0.153125 0.28125
3 0.73359375 0.390625 0.159375 0.26875
3 0.7578125 0.24609375 0.1453125 0.1953125
2 0.9125 0.278125 0.0640625 0.11875