3 0.28828125 0.4265625 0.1703125 0.1921875
1 0.20625 0.83984375 0.2265625 0.31875
1 0.08046875 0.57421875 0.0953125 0.190625
3 0.50390625 0.6109375 0.1171875 0.4296875
0 0.60234375 0.50390625 0.084375 0.2734375
3 0.4875 0.31796875 0.0703125 0.109375
2 0.42109375 0.38203125 0.065625 0.090625
3 0.12265625 0.32421875 0.0734375 0.0875
1 0.06640625 0.46875 0.08125 0.1578125
3 0.72421875 0.409375 0.1 0.1640625
3 0.5890625 0.340625 0.109375 0.0859375
3 0.8046875 0.43203125 0.0953125 0.2140625
3 0.875 0.4703125 0.059375 0.2
2 0.84140625 0.69375 0.103125 0.3109375
3 0.74765625 0.8078125 0.1625 0.3828125
3 0.96640625 0.54921875 0.065625 0.2625