2 0.3296875 0.371875 0.078125 0.1671875
2 0.42890625 0.34140625 0.071875 0.1734375
2 0.565625 0.3296875 0.0515625 0.196875
2 0.62421875 0.33125 0.071875 0.2
2 0.75078125 0.34375 0.0546875 0.1625
2 0.896875 0.3328125 0.065625 0.1171875
2 0.9609375 0.34453125 0.0578125 0.1234375
3 0.12421875 0.403125 0.11875 0.1734375
3 0.3421875 0.24375 0.1 0.0828125
3 0.7203125 0.225 0.1203125 0.0953125
3 0.25546875 0.584375 0.1171875 0.321875
3 0.44921875 0.22578125 0.0484375 0.084375
3 0.2171875 0.2796875 0.0625 0.08125